Last login: Fri Jun 16 17:52:32 on ttys000
Kavishs-MacBook-Pro:~ kmbrgandhi$ python genetic_binary.py
python: can't open file 'genetic_binary.py': [Errno 2] No such file or directory
Kavishs-MacBook-Pro:~ kmbrgandhi$ ls
Applications		Google Drive		envs
Chem.txt		Library			file.txt
Creative Cloud Files	Movies			genymotion-log.zip
Desktop			Music			main.pdf
Documents		Pictures		sdf
Downloads		Public			slides.tex
Dropbox			PycharmProjects		style.bst
Dropbox (MIT)		anaconda2
Kavishs-MacBook-Pro:~ kmbrgandhi$ cd Dropbox
Kavishs-MacBook-Pro:Dropbox kmbrgandhi$ ls
24.S90 (24.902 continuation) 2017	REU
Get Started with Dropbox.pdf		Video Mar 31, 8 03 34 PM.mov
Icon?
Kavishs-MacBook-Pro:Dropbox kmbrgandhi$ cd REU
Kavishs-MacBook-Pro:REU kmbrgandhi$ ls
Alternating Codes	PSL_plots		Waveform Optimization
L1 Minimization Algos	REU_code		thesis.pdf
Kavishs-MacBook-Pro:REU kmbrgandhi$ cd REU_code
Kavishs-MacBook-Pro:REU_code kmbrgandhi$ ls
OMP.py
best_known_sidelobes.txt
fake_data.py
genetic_binary.py
interactive_msl_sparse_delay_frequency.py
optimal_sidelobes.txt
prx
psl.py
psl_doppler.py
psl_doppler.pyc
psl_doppler_wave.py
radarmodel
rkl
Kavishs-MacBook-Pro:REU_code kmbrgandhi$ python genetic_binary.py
30
Traceback (most recent call last):
  File "genetic_binary.py", line 295, in <module>
    print(evolut_algo_naive(length))
NameError: name 'length' is not defined
Kavishs-MacBook-Pro:REU_code kmbrgandhi$ python genetic_binary.py
30
(array([ 1, -1,  1,  1, -1, -1, -1,  1, -1,  1,  1,  1, -1, -1, -1,  1,  1,
        1, -1, -1,  1, -1, -1,  1, -1,  1,  1,  1,  1,  1]), 4)
6.88541293144
40
(array([-1,  1, -1, -1, -1,  1, -1, -1,  1, -1,  1,  1, -1, -1, -1,  1, -1,
       -1, -1, -1,  1,  1,  1, -1, -1,  1, -1,  1,  1,  1,  1, -1, -1,  1,
       -1, -1,  1, -1, -1, -1]), 5)
8.79659986496
50
(array([ 1, -1,  1,  1, -1, -1,  1,  1,  1, -1, -1,  1, -1,  1, -1, -1, -1,
        1, -1, -1,  1, -1,  1, -1,  1,  1,  1,  1,  1, -1, -1, -1,  1, -1,
        1,  1,  1,  1,  1,  1,  1,  1, -1, -1,  1,  1, -1,  1,  1, -1]), 6)
12.3752169609
60
(array([-1,  1,  1, -1, -1,  1, -1, -1,  1,  1,  1,  1, -1,  1, -1,  1,  1,
        1,  1,  1,  1, -1,  1,  1, -1, -1,  1,  1,  1, -1, -1, -1,  1, -1,
       -1, -1,  1,  1, -1,  1,  1,  1,  1, -1,  1,  1,  1,  1, -1, -1, -1,
       -1,  1,  1, -1,  1,  1,  1, -1,  1]), 7)
16.8697471619
70
(array([ 1, -1,  1,  1, -1,  1, -1, -1, -1,  1,  1,  1, -1,  1, -1,  1, -1,
        1, -1, -1, -1,  1,  1, -1,  1, -1, -1,  1, -1,  1,  1,  1, -1, -1,
       -1, -1, -1, -1,  1,  1,  1,  1,  1,  1,  1,  1,  1,  1,  1,  1,  1,
       -1,  1,  1, -1, -1,  1,  1, -1, -1, -1,  1,  1,  1, -1, -1,  1,  1,
       -1, -1]), 8)
19.9546878338
80
(array([-1,  1, -1,  1,  1, -1,  1, -1,  1,  1,  1, -1, -1,  1,  1,  1,  1,
        1,  1, -1, -1, -1,  1,  1, -1, -1,  1,  1,  1, -1, -1, -1, -1,  1,
        1,  1, -1, -1, -1, -1, -1, -1, -1,  1,  1, -1,  1,  1,  1,  1,  1,
        1, -1,  1, -1,  1, -1, -1,  1,  1, -1,  1,  1,  1, -1,  1,  1, -1,
        1,  1,  1, -1,  1, -1,  1, -1,  1, -1, -1, -1]), 9)
26.8167819977
90
(array([ 1,  1, -1,  1, -1, -1,  1,  1, -1,  1,  1,  1,  1,  1,  1, -1, -1,
       -1,  1,  1,  1, -1, -1, -1,  1,  1, -1,  1, -1, -1, -1, -1,  1,  1,
       -1,  1,  1, -1, -1,  1,  1,  1,  1, -1, -1, -1, -1, -1, -1, -1,  1,
       -1,  1,  1, -1,  1, -1,  1,  1, -1,  1,  1,  1, -1, -1, -1,  1,  1,
       -1, -1, -1, -1,  1,  1, -1, -1,  1,  1, -1, -1,  1, -1, -1, -1, -1,
        1, -1,  1, -1,  1]), 10)
29.9741539955
100
(array([ 1,  1,  1, -1, -1, -1, -1,  1,  1,  1, -1, -1, -1, -1,  1, -1,  1,
       -1,  1,  1,  1,  1,  1,  1, -1,  1,  1,  1,  1, -1,  1,  1, -1,  1,
       -1,  1, -1,  1,  1,  1, -1, -1,  1,  1, -1,  1, -1,  1,  1, -1, -1,
        1, -1,  1, -1, -1,  1, -1,  1,  1, -1, -1,  1,  1,  1, -1, -1,  1,
       -1,  1, -1,  1,  1,  1,  1, -1,  1,  1,  1, -1,  1, -1, -1, -1, -1,
       -1,  1,  1,  1,  1, -1,  1, -1, -1,  1,  1, -1,  1,  1, -1]), 10)
36.0040788651
110
(array([ 1,  1, -1, -1,  1, -1, -1,  1, -1,  1,  1,  1,  1,  1,  1,  1, -1,
       -1, -1, -1,  1, -1,  1, -1,  1,  1,  1,  1, -1, -1,  1,  1,  1, -1,
        1,  1,  1,  1,  1, -1,  1, -1, -1,  1,  1,  1, -1,  1, -1,  1, -1,
        1,  1, -1,  1, -1,  1, -1, -1,  1,  1,  1,  1,  1, -1, -1,  1,  1,
        1, -1, -1, -1, -1,  1, -1, -1,  1, -1, -1, -1,  1, -1,  1, -1, -1,
       -1,  1, -1,  1,  1,  1,  1,  1, -1,  1,  1, -1,  1,  1,  1,  1, -1,
       -1, -1, -1, -1,  1,  1,  1, -1]), 10)
42.664452076
120
(array([ 1,  1, -1,  1,  1, -1,  1,  1, -1,  1,  1, -1,  1,  1,  1, -1, -1,
       -1, -1, -1,  1, -1,  1, -1,  1,  1,  1, -1,  1, -1, -1, -1, -1,  1,
        1,  1, -1,  1, -1, -1,  1, -1,  1, -1,  1,  1, -1, -1, -1,  1, -1,
        1,  1, -1, -1,  1,  1, -1, -1,  1,  1,  1, -1,  1, -1,  1, -1, -1,
        1, -1,  1,  1,  1,  1,  1, -1,  1,  1,  1,  1,  1, -1, -1, -1, -1,
        1, -1, -1, -1, -1, -1, -1,  1, -1, -1, -1, -1,  1, -1,  1, -1, -1,
       -1,  1, -1,  1, -1, -1, -1,  1,  1, -1, -1, -1,  1, -1, -1,  1,  1,
        1]), 11)
60.5741610527
130
(array([-1, -1, -1, -1, -1, -1,  1,  1,  1, -1, -1,  1, -1, -1,  1, -1,  1,
       -1,  1, -1,  1, -1, -1, -1, -1, -1,  1, -1,  1, -1, -1, -1,  1,  1,
       -1, -1,  1, -1, -1,  1, -1,  1,  1, -1,  1,  1, -1,  1,  1,  1,  1,
       -1, -1,  1, -1,  1,  1, -1,  1, -1, -1, -1, -1, -1,  1,  1, -1, -1,
        1,  1, -1,  1,  1,  1,  1,  1, -1, -1, -1, -1,  1, -1,  1, -1, -1,
        1,  1,  1, -1,  1,  1,  1,  1, -1,  1, -1,  1, -1,  1,  1,  1,  1,
        1,  1, -1,  1,  1, -1, -1,  1,  1,  1, -1,  1,  1, -1, -1,  1,  1,
       -1,  1, -1, -1, -1,  1, -1, -1, -1, -1, -1]), 11)
61.0471360683
140
(array([ 1, -1,  1, -1, -1,  1,  1,  1, -1, -1, -1,  1, -1,  1, -1,  1, -1,
       -1,  1,  1, -1,  1,  1,  1, -1,  1,  1,  1, -1,  1,  1,  1, -1,  1,
       -1, -1,  1,  1,  1,  1,  1,  1, -1, -1,  1, -1,  1,  1,  1, -1, -1,
        1,  1, -1,  1,  1, -1,  1, -1, -1,  1,  1, -1,  1, -1, -1, -1, -1,
        1, -1, -1,  1,  1,  1, -1,  1,  1,  1,  1, -1,  1,  1,  1, -1,  1,
       -1,  1,  1,  1,  1, -1,  1,  1, -1,  1, -1, -1, -1,  1,  1,  1,  1,
       -1,  1,  1,  1,  1, -1,  1,  1,  1,  1, -1, -1,  1, -1, -1, -1, -1,
       -1,  1, -1,  1,  1,  1,  1, -1, -1,  1, -1, -1,  1, -1, -1, -1,  1,
       -1, -1,  1, -1]), 13)
63.8562710285
150
(array([ 1, -1,  1, -1,  1, -1, -1, -1, -1, -1,  1,  1,  1, -1, -1,  1, -1,
        1,  1,  1, -1, -1,  1, -1,  1,  1,  1, -1, -1,  1,  1, -1,  1, -1,
        1, -1,  1,  1, -1, -1, -1, -1,  1,  1,  1,  1,  1, -1, -1, -1,  1,
       -1, -1,  1, -1, -1,  1, -1, -1,  1, -1,  1, -1, -1, -1,  1, -1, -1,
       -1,  1,  1, -1, -1,  1,  1, -1, -1,  1, -1,  1, -1, -1,  1, -1,  1,
       -1,  1, -1, -1,  1,  1,  1,  1,  1, -1,  1, -1,  1,  1, -1, -1, -1,
        1, -1, -1, -1, -1, -1,  1,  1, -1, -1,  1,  1,  1, -1,  1,  1,  1,
        1, -1, -1, -1, -1, -1,  1,  1,  1,  1,  1,  1,  1, -1, -1, -1,  1,
       -1, -1, -1, -1,  1, -1, -1,  1, -1, -1,  1, -1,  1,  1]), 13)
94.627507925
160
(array([-1,  1,  1,  1, -1,  1,  1,  1,  1, -1, -1,  1,  1,  1, -1, -1,  1,
       -1,  1, -1, -1,  1, -1,  1, -1, -1, -1, -1,  1,  1, -1, -1,  1, -1,
        1,  1,  1,  1,  1, -1, -1,  1, -1, -1,  1, -1, -1,  1, -1, -1, -1,
       -1, -1, -1, -1, -1,  1, -1,  1,  1,  1,  1, -1,  1, -1,  1,  1,  1,
       -1,  1, -1,  1,  1,  1, -1,  1,  1,  1, -1,  1, -1,  1, -1,  1,  1,
       -1, -1, -1,  1, -1,  1, -1,  1,  1, -1,  1, -1,  1,  1, -1,  1,  1,
       -1,  1, -1, -1, -1,  1,  1, -1,  1,  1, -1,  1,  1,  1, -1, -1,  1,
       -1,  1,  1,  1, -1, -1, -1,  1,  1,  1,  1, -1,  1, -1, -1,  1,  1,
        1,  1,  1,  1,  1,  1, -1, -1, -1, -1,  1,  1,  1,  1,  1,  1,  1,
       -1,  1, -1, -1, -1, -1,  1]), 14)
102.980669022
170
(array([-1, -1, -1,  1, -1,  1,  1, -1,  1, -1, -1,  1,  1,  1,  1,  1, -1,
       -1, -1,  1, -1,  1, -1, -1,  1,  1,  1, -1,  1, -1,  1, -1, -1, -1,
        1, -1, -1,  1,  1, -1, -1, -1,  1, -1,  1, -1,  1, -1, -1, -1, -1,
       -1, -1,  1, -1, -1,  1,  1,  1, -1,  1,  1, -1, -1, -1,  1,  1, -1,
       -1, -1,  1,  1,  1, -1,  1,  1, -1,  1,  1,  1,  1,  1,  1,  1, -1,
        1,  1, -1, -1, -1, -1, -1,  1, -1, -1,  1,  1,  1,  1, -1, -1, -1,
       -1,  1,  1,  1, -1,  1,  1,  1, -1,  1,  1, -1, -1, -1, -1,  1,  1,
        1, -1, -1,  1, -1,  1, -1,  1, -1, -1,  1, -1, -1,  1, -1,  1,  1,
        1, -1,  1,  1,  1,  1,  1, -1, -1, -1,  1,  1,  1, -1,  1,  1, -1,
        1,  1, -1, -1,  1, -1,  1,  1,  1, -1,  1,  1,  1,  1,  1, -1, -1]), 15)
92.9428400993
180
(array([ 1,  1, -1,  1,  1, -1, -1,  1, -1,  1, -1,  1,  1,  1,  1,  1, -1,
        1, -1,  1,  1, -1,  1, -1, -1, -1, -1, -1,  1, -1,  1, -1, -1,  1,
        1, -1, -1,  1,  1, -1, -1,  1,  1, -1,  1,  1,  1, -1,  1, -1,  1,
       -1,  1,  1, -1,  1,  1,  1,  1,  1, -1, -1, -1,  1, -1,  1, -1, -1,
        1, -1,  1,  1,  1,  1,  1, -1,  1, -1, -1, -1, -1,  1, -1, -1, -1,
        1,  1, -1,  1, -1,  1, -1,  1,  1, -1,  1,  1,  1, -1, -1,  1,  1,
        1, -1, -1,  1, -1, -1,  1, -1,  1, -1,  1, -1, -1, -1, -1,  1,  1,
       -1, -1, -1, -1, -1,  1, -1,  1,  1, -1,  1, -1,  1, -1,  1, -1, -1,
        1,  1, -1,  1,  1,  1,  1,  1, -1, -1,  1,  1,  1, -1,  1, -1, -1,
       -1,  1,  1, -1, -1,  1,  1,  1,  1,  1,  1,  1,  1,  1,  1,  1, -1,
       -1,  1,  1,  1,  1,  1,  1, -1,  1, -1]), 15)
96.0431439877
190
(array([-1, -1,  1,  1,  1, -1, -1,  1, -1, -1, -1, -1,  1,  1,  1,  1, -1,
       -1,  1,  1, -1,  1, -1, -1, -1, -1,  1, -1, -1,  1,  1,  1, -1,  1,
       -1, -1,  1,  1,  1,  1,  1, -1,  1, -1, -1, -1, -1,  1, -1, -1,  1,
       -1, -1, -1, -1,  1, -1,  1, -1,  1, -1, -1, -1,  1,  1, -1, -1, -1,
        1, -1, -1,  1,  1, -1, -1,  1, -1,  1, -1, -1,  1, -1,  1,  1,  1,
       -1, -1, -1,  1, -1, -1, -1, -1, -1, -1,  1, -1,  1, -1,  1,  1,  1,
       -1,  1, -1,  1, -1, -1, -1,  1,  1,  1, -1,  1,  1, -1,  1, -1,  1,
        1, -1, -1, -1, -1, -1, -1, -1,  1, -1,  1, -1, -1,  1,  1,  1, -1,
        1, -1, -1, -1,  1, -1, -1,  1, -1, -1,  1,  1, -1,  1, -1, -1, -1,
       -1, -1,  1, -1,  1,  1, -1, -1,  1,  1,  1, -1,  1, -1,  1,  1,  1,
        1,  1,  1,  1, -1, -1,  1,  1,  1,  1, -1,  1, -1,  1, -1, -1,  1,
        1, -1,  1]), 16)
103.773491144
200
(array([-1, -1,  1,  1,  1, -1,  1, -1,  1, -1,  1,  1,  1,  1,  1, -1,  1,
       -1, -1, -1, -1, -1,  1,  1, -1, -1, -1, -1,  1,  1,  1,  1,  1,  1,
       -1, -1, -1, -1,  1, -1, -1, -1,  1,  1, -1,  1, -1, -1,  1, -1,  1,
       -1, -1, -1,  1,  1, -1,  1, -1,  1,  1,  1,  1,  1, -1, -1,  1, -1,
       -1, -1, -1,  1,  1,  1, -1,  1, -1, -1,  1, -1,  1, -1, -1, -1, -1,
       -1, -1, -1,  1, -1, -1,  1,  1, -1, -1,  1,  1,  1, -1,  1, -1, -1,
        1,  1, -1,  1,  1,  1, -1, -1,  1,  1, -1,  1,  1, -1,  1, -1, -1,
        1, -1, -1, -1, -1,  1, -1, -1, -1,  1, -1,  1, -1, -1, -1,  1, -1,
       -1,  1, -1,  1,  1, -1, -1, -1,  1, -1, -1, -1, -1, -1,  1,  1,  1,
        1, -1, -1, -1, -1, -1, -1, -1, -1,  1, -1, -1,  1,  1,  1, -1, -1,
       -1,  1,  1,  1,  1, -1,  1, -1,  1,  1, -1, -1,  1, -1,  1, -1,  1,
        1, -1,  1, -1,  1, -1,  1, -1,  1, -1,  1, -1, -1]), 16)
108.085471869
210
(array([-1, -1, -1, -1,  1, -1,  1,  1, -1, -1,  1, -1,  1,  1, -1,  1,  1,
       -1, -1, -1, -1, -1, -1, -1, -1, -1, -1, -1,  1, -1,  1,  1,  1,  1,
        1,  1, -1, -1,  1,  1, -1,  1,  1,  1, -1,  1,  1, -1, -1, -1, -1,
        1, -1,  1,  1, -1,  1, -1, -1, -1,  1, -1, -1,  1,  1, -1, -1,  1,
        1,  1,  1, -1, -1,  1,  1, -1, -1, -1, -1, -1,  1, -1,  1, -1, -1,
        1, -1, -1, -1, -1, -1,  1,  1, -1, -1,  1,  1, -1,  1, -1,  1, -1,
        1,  1, -1, -1, -1, -1,  1,  1,  1, -1,  1, -1, -1,  1,  1, -1,  1,
       -1, -1, -1, -1,  1, -1,  1,  1,  1,  1,  1, -1, -1,  1, -1,  1,  1,
       -1, -1, -1, -1,  1,  1, -1, -1, -1,  1, -1, -1, -1, -1,  1, -1, -1,
        1,  1,  1, -1, -1,  1,  1,  1, -1, -1, -1, -1, -1,  1,  1, -1,  1,
       -1,  1, -1, -1,  1,  1,  1, -1,  1, -1, -1, -1, -1, -1, -1, -1,  1,
       -1,  1, -1,  1, -1, -1, -1, -1,  1,  1,  1,  1,  1,  1,  1, -1,  1,
        1,  1,  1,  1, -1,  1]), 17)
118.723649025
220
(array([-1,  1, -1, -1, -1, -1, -1, -1,  1,  1, -1,  1, -1, -1, -1, -1, -1,
        1,  1, -1, -1,  1, -1,  1,  1,  1,  1, -1,  1, -1,  1, -1,  1,  1,
        1,  1, -1,  1,  1, -1, -1,  1, -1, -1, -1,  1, -1,  1, -1, -1, -1,
       -1,  1,  1,  1, -1, -1,  1, -1, -1, -1, -1,  1,  1, -1, -1, -1, -1,
        1,  1, -1,  1, -1, -1, -1,  1, -1, -1, -1, -1, -1, -1, -1, -1, -1,
       -1, -1,  1,  1,  1,  1,  1, -1, -1, -1,  1, -1, -1,  1, -1,  1,  1,
        1, -1,  1,  1,  1, -1,  1,  1,  1, -1,  1, -1, -1,  1,  1, -1,  1,
        1, -1, -1,  1,  1, -1, -1, -1,  1,  1, -1,  1, -1,  1,  1, -1,  1,
       -1, -1,  1,  1,  1, -1, -1,  1, -1, -1, -1,  1,  1,  1,  1,  1, -1,
       -1,  1,  1,  1, -1,  1, -1,  1,  1,  1, -1, -1,  1,  1,  1, -1, -1,
        1, -1, -1,  1, -1, -1, -1, -1, -1,  1, -1,  1, -1,  1,  1, -1, -1,
        1, -1,  1,  1,  1,  1, -1, -1,  1,  1,  1, -1, -1, -1, -1,  1,  1,
       -1,  1,  1, -1, -1,  1, -1,  1, -1, -1,  1,  1,  1,  1,  1, -1]), 16)
129.686369896
230
(array([-1, -1,  1, -1,  1,  1,  1, -1, -1,  1, -1, -1,  1,  1,  1,  1, -1,
       -1,  1,  1,  1,  1, -1, -1, -1,  1, -1,  1,  1, -1,  1,  1,  1,  1,
       -1,  1, -1,  1,  1,  1,  1,  1,  1,  1, -1,  1,  1,  1, -1,  1,  1,
        1,  1, -1, -1, -1,  1,  1,  1, -1,  1,  1,  1, -1,  1, -1, -1,  1,
       -1, -1,  1, -1,  1, -1,  1, -1, -1,  1, -1, -1,  1, -1,  1, -1, -1,
       -1,  1,  1, -1, -1,  1,  1, -1, -1,  1, -1,  1, -1,  1, -1, -1, -1,
        1, -1, -1,  1, -1,  1,  1, -1,  1,  1, -1,  1,  1,  1, -1, -1,  1,
        1, -1, -1,  1,  1, -1, -1, -1, -1,  1, -1, -1,  1,  1,  1,  1, -1,
        1,  1, -1, -1,  1, -1, -1, -1, -1, -1, -1, -1,  1,  1, -1,  1, -1,
        1,  1, -1,  1, -1,  1, -1, -1, -1,  1,  1,  1, -1, -1, -1, -1, -1,
        1, -1, -1,  1, -1,  1, -1, -1, -1,  1, -1, -1,  1, -1,  1, -1,  1,
       -1,  1, -1,  1, -1,  1, -1, -1,  1,  1,  1,  1,  1, -1, -1,  1, -1,
       -1, -1,  1,  1,  1,  1, -1, -1, -1, -1,  1,  1, -1, -1,  1,  1,  1,
        1,  1, -1, -1,  1,  1,  1, -1,  1]), 18)
140.544243097
240
(array([ 1,  1, -1, -1,  1,  1, -1,  1,  1, -1,  1, -1,  1, -1, -1,  1, -1,
        1,  1, -1,  1,  1,  1, -1,  1,  1, -1, -1,  1, -1, -1, -1, -1,  1,
       -1,  1, -1, -1,  1,  1,  1,  1, -1, -1,  1,  1,  1, -1,  1, -1, -1,
       -1, -1,  1,  1,  1,  1,  1, -1, -1, -1,  1,  1,  1, -1,  1,  1,  1,
       -1,  1,  1,  1, -1,  1, -1, -1,  1,  1, -1,  1,  1,  1,  1,  1,  1,
       -1, -1, -1,  1, -1, -1,  1, -1, -1, -1, -1,  1,  1, -1,  1,  1, -1,
        1, -1,  1,  1,  1,  1, -1, -1,  1,  1,  1,  1,  1, -1, -1, -1, -1,
       -1, -1, -1, -1,  1,  1, -1, -1, -1, -1, -1,  1,  1,  1,  1,  1, -1,
        1,  1,  1, -1, -1, -1,  1,  1,  1,  1, -1, -1,  1, -1, -1,  1,  1,
       -1, -1, -1,  1,  1,  1,  1, -1,  1,  1, -1,  1, -1,  1, -1, -1,  1,
        1,  1, -1,  1,  1,  1,  1,  1,  1,  1,  1, -1,  1, -1,  1, -1,  1,
        1,  1,  1,  1,  1, -1,  1,  1,  1, -1,  1,  1, -1, -1, -1,  1,  1,
       -1,  1, -1, -1,  1,  1, -1,  1, -1, -1, -1,  1, -1,  1, -1,  1, -1,
        1, -1, -1,  1, -1, -1,  1,  1,  1, -1,  1,  1, -1,  1, -1, -1, -1,
        1,  1]), 19)
154.255416155
250
(array([ 1,  1, -1,  1, -1,  1,  1, -1, -1, -1, -1, -1, -1,  1, -1, -1, -1,
       -1, -1,  1,  1,  1, -1,  1, -1, -1, -1, -1,  1,  1,  1,  1, -1,  1,
        1,  1, -1,  1,  1, -1, -1,  1, -1, -1, -1, -1,  1, -1, -1,  1,  1,
       -1,  1, -1,  1,  1, -1, -1, -1, -1,  1, -1,  1,  1,  1, -1, -1,  1,
       -1,  1, -1,  1, -1,  1, -1,  1, -1,  1, -1, -1, -1, -1,  1,  1, -1,
       -1,  1,  1,  1,  1, -1, -1,  1,  1,  1,  1,  1,  1,  1,  1,  1,  1,
       -1, -1, -1, -1, -1,  1, -1,  1,  1,  1,  1,  1,  1, -1, -1,  1,  1,
        1,  1, -1,  1, -1,  1, -1, -1,  1, -1,  1,  1, -1, -1,  1, -1,  1,
        1,  1,  1, -1,  1, -1, -1, -1,  1,  1, -1, -1,  1, -1, -1,  1,  1,
       -1,  1, -1, -1,  1,  1, -1, -1, -1,  1,  1,  1, -1,  1, -1, -1, -1,
       -1,  1,  1,  1,  1, -1, -1,  1,  1, -1,  1,  1,  1, -1,  1,  1, -1,
        1,  1, -1,  1,  1,  1,  1, -1, -1, -1,  1, -1, -1, -1, -1, -1, -1,
        1,  1, -1, -1, -1, -1, -1, -1,  1,  1, -1, -1, -1,  1, -1,  1,  1,
       -1,  1,  1,  1,  1, -1,  1, -1,  1, -1, -1, -1, -1,  1, -1,  1, -1,
       -1,  1, -1,  1,  1,  1, -1, -1, -1, -1,  1,  1]), 18)
165.528876066
260
(array([-1,  1,  1, -1,  1, -1, -1,  1,  1,  1,  1,  1, -1, -1, -1,  1, -1,
       -1,  1, -1, -1,  1, -1,  1,  1, -1, -1,  1, -1, -1, -1, -1,  1, -1,
        1,  1, -1, -1,  1,  1,  1, -1,  1,  1,  1,  1,  1,  1, -1,  1,  1,
       -1, -1,  1, -1, -1,  1,  1, -1, -1, -1,  1,  1,  1,  1,  1,  1,  1,
        1,  1,  1,  1,  1, -1,  1, -1, -1, -1, -1, -1,  1,  1, -1, -1,  1,
        1,  1, -1, -1, -1, -1, -1, -1, -1, -1, -1,  1,  1,  1, -1,  1, -1,
       -1,  1, -1, -1, -1, -1, -1, -1, -1, -1,  1,  1,  1,  1, -1, -1,  1,
       -1,  1, -1,  1, -1, -1,  1, -1,  1,  1,  1, -1, -1, -1, -1, -1,  1,
        1, -1, -1,  1, -1,  1, -1, -1, -1,  1, -1, -1,  1, -1,  1,  1,  1,
       -1,  1, -1, -1, -1,  1,  1,  1, -1,  1, -1,  1, -1, -1, -1,  1, -1,
       -1, -1,  1, -1, -1, -1, -1, -1,  1, -1,  1,  1, -1, -1, -1,  1, -1,
       -1,  1, -1, -1, -1,  1, -1,  1,  1,  1,  1,  1,  1,  1, -1,  1,  1,
       -1,  1, -1,  1, -1,  1,  1, -1,  1, -1,  1, -1,  1,  1, -1, -1,  1,
       -1,  1, -1, -1,  1,  1, -1, -1, -1,  1,  1, -1, -1, -1,  1,  1, -1,
        1, -1, -1,  1,  1, -1,  1,  1,  1,  1, -1, -1, -1,  1,  1,  1, -1,
       -1,  1,  1, -1, -1]), 20)
180.280771971
270
(array([-1,  1,  1,  1,  1, -1, -1,  1,  1,  1,  1, -1,  1, -1,  1,  1,  1,
       -1,  1, -1,  1, -1, -1, -1, -1,  1,  1,  1, -1,  1,  1,  1,  1,  1,
       -1,  1,  1, -1, -1, -1,  1,  1,  1,  1, -1, -1, -1,  1, -1,  1, -1,
        1, -1, -1, -1,  1,  1,  1, -1,  1,  1, -1, -1, -1, -1,  1, -1,  1,
       -1, -1,  1,  1, -1, -1,  1, -1, -1, -1, -1, -1,  1,  1,  1, -1, -1,
        1,  1,  1, -1, -1,  1, -1,  1, -1, -1,  1, -1,  1,  1, -1, -1,  1,
        1,  1,  1, -1,  1,  1, -1,  1,  1, -1, -1, -1, -1,  1,  1, -1, -1,
        1, -1,  1, -1,  1,  1, -1, -1, -1,  1, -1, -1,  1,  1, -1,  1,  1,
       -1,  1,  1,  1,  1,  1,  1, -1,  1, -1,  1,  1,  1,  1,  1,  1,  1,
       -1,  1,  1,  1,  1, -1,  1,  1,  1, -1,  1, -1, -1, -1,  1, -1, -1,
        1, -1,  1,  1, -1,  1, -1,  1,  1, -1,  1, -1,  1, -1,  1, -1, -1,
       -1,  1, -1, -1,  1, -1, -1, -1,  1,  1,  1,  1,  1, -1, -1, -1, -1,
        1,  1, -1,  1,  1, -1,  1, -1,  1,  1,  1, -1, -1, -1,  1,  1, -1,
        1,  1,  1,  1,  1, -1, -1,  1, -1,  1,  1, -1, -1,  1,  1, -1, -1,
       -1,  1,  1,  1,  1,  1,  1, -1, -1, -1,  1, -1, -1, -1, -1,  1,  1,
       -1,  1, -1, -1, -1, -1,  1,  1,  1, -1,  1,  1,  1, -1, -1]), 20)
197.062308073
280
(array([ 1,  1,  1,  1, -1, -1,  1,  1,  1,  1,  1, -1, -1,  1,  1, -1, -1,
        1,  1,  1, -1, -1,  1, -1, -1,  1,  1, -1,  1, -1,  1, -1,  1, -1,
        1, -1, -1, -1, -1, -1, -1,  1, -1,  1,  1,  1, -1,  1, -1,  1, -1,
        1,  1, -1,  1,  1,  1,  1,  1, -1, -1,  1,  1,  1, -1,  1, -1,  1,
        1, -1, -1, -1,  1, -1, -1, -1, -1, -1,  1,  1,  1,  1,  1, -1,  1,
       -1, -1,  1,  1,  1, -1, -1,  1,  1, -1,  1,  1,  1, -1,  1,  1, -1,
       -1,  1,  1, -1, -1,  1,  1,  1,  1,  1, -1,  1,  1, -1,  1, -1,  1,
       -1, -1,  1,  1,  1, -1, -1,  1, -1,  1, -1,  1, -1,  1, -1, -1,  1,
       -1,  1, -1,  1,  1, -1,  1, -1, -1, -1,  1,  1,  1,  1,  1, -1,  1,
       -1, -1,  1, -1,  1, -1, -1, -1, -1, -1, -1,  1,  1, -1,  1,  1, -1,
       -1, -1, -1, -1, -1, -1,  1,  1,  1, -1,  1,  1, -1, -1,  1, -1,  1,
        1, -1, -1,  1, -1,  1,  1, -1,  1,  1, -1,  1, -1,  1, -1, -1, -1,
        1, -1,  1, -1,  1,  1, -1, -1,  1, -1,  1,  1, -1, -1,  1, -1,  1,
        1, -1, -1,  1, -1, -1, -1, -1, -1,  1, -1, -1, -1, -1, -1, -1, -1,
       -1,  1, -1,  1, -1,  1,  1,  1, -1, -1, -1,  1, -1, -1, -1,  1, -1,
       -1, -1,  1,  1,  1, -1, -1,  1,  1,  1,  1,  1, -1, -1, -1,  1,  1,
       -1, -1, -1,  1,  1,  1, -1, -1]), 19)
214.332415104
290
(array([ 1, -1,  1,  1,  1, -1,  1,  1, -1, -1, -1,  1,  1, -1, -1, -1,  1,
        1, -1,  1, -1,  1, -1,  1,  1,  1, -1, -1, -1, -1, -1,  1, -1,  1,
       -1, -1, -1, -1, -1,  1, -1, -1, -1,  1,  1, -1,  1,  1, -1,  1, -1,
       -1, -1,  1, -1, -1,  1, -1, -1,  1,  1, -1, -1,  1, -1,  1,  1, -1,
        1,  1, -1,  1,  1, -1,  1, -1, -1,  1, -1,  1, -1,  1, -1,  1,  1,
       -1, -1,  1, -1,  1, -1, -1, -1, -1,  1, -1,  1, -1,  1, -1,  1, -1,
       -1,  1,  1,  1,  1, -1, -1,  1,  1,  1,  1,  1,  1, -1,  1,  1,  1,
       -1,  1,  1,  1, -1, -1, -1, -1,  1, -1,  1,  1, -1, -1,  1,  1, -1,
       -1, -1, -1,  1, -1,  1, -1,  1,  1,  1, -1,  1,  1,  1,  1,  1,  1,
        1, -1,  1, -1, -1, -1,  1,  1, -1,  1,  1,  1, -1, -1, -1, -1, -1,
       -1, -1, -1,  1, -1,  1,  1, -1, -1,  1,  1, -1, -1, -1,  1, -1, -1,
       -1,  1, -1,  1,  1, -1,  1, -1, -1,  1,  1, -1, -1,  1,  1,  1, -1,
       -1,  1, -1, -1, -1, -1,  1,  1, -1, -1, -1, -1,  1,  1,  1, -1, -1,
       -1,  1, -1,  1,  1, -1, -1, -1,  1,  1, -1, -1, -1, -1,  1,  1, -1,
        1,  1, -1, -1,  1, -1,  1,  1,  1,  1, -1,  1, -1, -1, -1,  1, -1,
       -1, -1,  1,  1, -1,  1, -1, -1, -1,  1,  1,  1, -1,  1,  1, -1, -1,
        1,  1, -1, -1,  1, -1,  1, -1, -1, -1, -1,  1,  1, -1,  1, -1,  1,
       -1]), 21)
230.658876896
Kavishs-MacBook-Pro:REU_code kmbrgandhi$ 
